BA 59 34 01 00 00 00 00 CA 59 34 01 00 00 00 00 DC 59 34 01 EE 59 34 01 02 5A 34 01 00 00 00 00
10 5A 34 01 22 5A 34 01 2C 5A 34 01 3E 5A 34 01 4A 5A 34 01 5A 5A 34 01 6C 5A 34 01 7C 5A 34 01
8A 5A 34 01 98 5A 34 01 A8 5A 34 01 B6 5A 34 01 C6 5A 34 01 D2 5A 34 01 E0 5A 34 01 F0 5A 34 01
04 5B 34 01 14 5B 34 01 24 5B 34 01 34 5B 34 01 3C 5B 34 01 4C 5B 34 01 58 5B 34 01 64 5B 34 01
70 5B 34 01 84 5B 34 01 92 5B 34 01 9C 5B 34 01 A6 5B 34 01 B2 5B 34 01 00 00 00 00 C2 5B 34 01
D0 5B 34 01 E4 5B 34 01 00 00 00 00 46 02 00 80 FA 5B 34 01 08 5C 34 01 B2 02 00 80 18 5C 34 01
47 02 00 80 48 02 00 80 26 5C 34 01 30 5C 34 01 3E 5C 34 01 49 02 00 80 4C 5C 34 01 4A 02 00 80
5C 5C 34 01 72 5C 34 01 82 5C 34 01 4B 02 00 80 92 5C 34 01 A2 5C 34 01 B6 5C 34 01 4C 02 00 80
CA 5C 34 01 DC 5C 34 01 EE 5C 34 01 4D 02 00 80 FE 5C 34 01 0A 5D 34 01 1E 5D 34 01 BA 02 00 80
2E 5D 34 01 44 5D 34 01 58 5D 34 01 04 02 00 80 6C 5D 34 01 84 5D 34 01 9A 5D 34 01 06 02 00 80
A8 5D 34 01 07 02 00 80 BC 5D 34 01 CA 5D 34 01 D8 5D 34 01 EA 5D 34 01 FA 5D 34 01 29 02 00 80
94 02 00 80 08 5E 34 01 1A 5E 34 01 2E 5E 34 01 44 5E 34 01 54 5E 34 01 2D 02 00 80 6C 5E 34 01
7A 5E 34 01 8E 5E 34 01 9E 5E 34 01 AE 5E 34 01 BC 5E 34 01 D0 5E 34 01 E0 5E 34 01 4F 02 00 80
F2 5E 34 01 08 5F 34 01 51 02 00 80 18 5F 34 01 26 5F 34 01 38 5F 34 01 48 5F 34 01 2C 01 00 80
52 02 00 80 58 5F 34 01 2D 01 00 80 6C 5F 34 01 7C 5F 34 01 53 02 00 80 2E 01 00 80 54 02 00 80
8A 5F 34 01 2F 01 00 80 55 02 00 80 9C 5F 34 01 B0 5F 34 01 30 01 00 80 C2 5F 34 01 56 02 00 80
31 01 00 80 D6 5F 34 01 32 01 00 80 C1 02 00 80 E2 5F 34 01 F8 5F 34 01 0A 60 34 01 08 02 00 80
33 01 00 80 09 02 00 80 34 01 00 80 35 01 00 80 1A 60 34 01 2A 60 34 01 3C 60 34 01 4C 60 34 01
58 60 34 01 0B 02 00 80 6C 60 34 01 76 60 34 01 77 02 00 80 0C 02 00 80 C5 02 00 80 84 60 34 01
0D 02 00 80 9C 60 34 01 AC 60 34 01 BC 60 34 01 78 02 00 80 D0 60 34 01 0E 02 00 80 DE 60 34 01
F0 60 34 01 02 61 34 01 10 61 34 01 0F 02 00 80 10 02 00 80 24 61 34 01 32 61 34 01 4E 61 34 01
11 02 00 80 62 61 34 01 70 61 34 01 86 61 34 01 30 02 00 80 96 61 34 01 A4 61 34 01 B2 61 34 01
C0 61 34 01 31 02 00 80 D0 61 34 01 E8 61 34 01 F4 61 34 01 9E 02 00 80 06 62 34 01 1A 62 34 01
28 62 34 01 3A 62 34 01 48 62 34 01 5E 62 34 01 6C 62 34 01 7A 62 34 01 88 62 34 01 A0 62 34 01
B4 62 34 01 C2 62 34 01 D0 62 34 01 E4 62 34 01 FA 62 34 01 58 02 00 80 59 02 00 80 06 63 34 01
14 63 34 01 36 01 00 80 1E 63 34 01 32 63 34 01 40 63 34 01 37 01 00 80 4E 63 34 01 6A 63 34 01
78 63 34 01 88 63 34 01 96 63 34 01 A4 63 34 01 38 01 00 80 C7 02 00 80 39 01 00 80 C8 02 00 80
BA 63 34 01 CC 63 34 01 DE 63 34 01 5E 02 00 80 F2 63 34 01 02 64 34 01 10 64 34 01 22 64 34 01
CA 02 00 80 30 64 34 01 3E 64 34 01 50 64 34 01 5E 64 34 01 CB 02 00 80 60 02 00 80 CC 02 00 80
6C 64 34 01 7C 64 34 01 90 64 34 01 15 02 00 80 A0 64 34 01 AE 64 34 01 C0 64 34 01 16 02 00 80
D6 64 34 01 E4 64 34 01 18 02 00 80 F4 64 34 01 02 65 34 01 18 65 34 01 84 02 00 80 19 02 00 80
85 02 00 80 28 65 34 01 86 02 00 80 32 65 34 01 87 02 00 80 48 65 34 01 88 02 00 80 58 65 34 01
66 65 34 01 74 65 34 01 8E 65 34 01 9A 65 34 01 3B 02 00 80 A8 65 34 01 BA 65 34 01 CC 65 34 01
DE 65 34 01 EE 65 34 01 A9 02 00 80 FC 65 34 01 14 66 34 01 24 66 34 01 38 66 34 01 4A 66 34 01
60 66 34 01 70 66 34 01 7E 66 34 01 42 02 00 80 AD 02 00 80 64 00 00 80 8C 66 34 01 9C 66 34 01
AE 66 34 01 B1 02 00 80 BC 66 34 01 62 02 00 80 CC 66 34 01 E0 66 34 01 F0 66 34 01 64 02 00 80
FE 66 34 01 0C 67 34 01 1E 67 34 01 32 67 34 01 65 02 00 80 40 67 34 01 66 02 00 80 4C 67 34 01
5A 67 34 01 68 02 00 80 6A 67 34 01 82 67 34 01 8E 67 34 01 9E 67 34 01 B6 67 34 01 CE 67 34 01
69 02 00 80 E4 67 34 01 F4 67 34 01 6A 02 00 80 FE 67 34 01 0E 68 34 01 1E 68 34 01 2E 68 34 01
3E 68 34 01 50 68 34 01 6B 02 00 80 5C 68 34 01 6C 68 34 01 1E 02 00 80 1F 02 00 80 8A 02 00 80
7A 68 34 01 84 68 34 01 9C 68 34 01 20 02 00 80 21 02 00 80 AC 68 34 01 C2 68 34 01 22 02 00 80
CC 68 34 01 DA 68 34 01 EC 68 34 01 23 02 00 80 FA 68 34 01 0C 69 34 01 1C 69 34 01 90 02 00 80
26 69 34 01 92 02 00 80 3A 69 34 01 4C 69 34 01 5C 69 34 01 6C 69 34 01 45 02 00 80

